intrinsic:
857.6317764794168 0.0 298.4924337885301 
0.0 859.6641865870982 212.51146926801593 
0.0 0.0 1.0 
distortion:
0.060219981958801606 -2.6327224838092564 -0.0015973735144672473 0.002746902854846893 12.746216462095335 
