# oST version 5.0 parameters


[image]

width
640

height
480

[narrow_stereo/left]

camera matrix
575.774525 0.000000 337.887064
0.000000 769.756236 259.618996
0.000000 0.000000 1.000000

distortion
-0.050737 0.162127 -0.000468 -0.000585 0.000000

rectification
0.999841 0.014418 0.010531
-0.014426 0.999896 0.000681
-0.010520 -0.000832 0.999944

projection
818.407494 0.000000 314.895401 0.000000
0.000000 818.407494 261.956230 0.000000
0.000000 0.000000 1.000000 0.000000

# oST version 5.0 parameters


[image]

width
640

height
480

[narrow_stereo/right]

camera matrix
579.295616 0.000000 311.654249
0.000000 774.088900 265.159101
0.000000 0.000000 1.000000

distortion
-0.064826 0.194721 0.000577 0.003137 0.000000

rectification
0.999738 0.017641 0.014614
-0.017630 0.999844 -0.000885
-0.014628 0.000627 0.999893

projection
818.407494 0.000000 314.895401 50.331983
0.000000 818.407494 261.956230 0.000000
0.000000 0.000000 1.000000 0.000000

