intrinsic:
878.8320611991475 0.0 292.62291547945284 
0.0 881.5971415910197 197.21212931624436 
0.0 0.0 1.0 
distortion:
-0.043540271232507234 -0.6644962204022478 -0.003278188977233625 -0.003787713910492598 2.2854707482544554 
